0.000000000000000000e+00
2.000000000000000042e-02
4.000000000000000083e-02
5.999999999999999778e-02
8.000000000000000167e-02
1.000000000000000056e-01
1.200000000000000094e-01
1.400000000000000133e-01
1.600000000000000033e-01
1.799999999999999933e-01
1.999999999999999833e-01
2.199999999999999734e-01
2.399999999999999634e-01
2.599999999999999534e-01
2.799999999999999711e-01
2.999999999999999889e-01
3.200000000000000067e-01
3.400000000000000244e-01
3.600000000000000422e-01
3.800000000000000600e-01
4.000000000000000777e-01
4.200000000000000955e-01
4.400000000000001132e-01
4.600000000000001310e-01
4.800000000000001488e-01
5.000000000000001110e-01
5.200000000000001288e-01
5.400000000000001465e-01
5.600000000000001643e-01
5.800000000000001821e-01
6.000000000000001998e-01
6.200000000000002176e-01
6.400000000000002354e-01
6.600000000000002531e-01
6.800000000000002709e-01
7.000000000000002887e-01
7.200000000000003064e-01
7.400000000000003242e-01
7.600000000000003419e-01
7.800000000000003597e-01
8.000000000000003775e-01
8.200000000000003952e-01
8.400000000000004130e-01
8.600000000000004308e-01
8.800000000000004485e-01
9.000000000000004663e-01
9.200000000000004841e-01
9.400000000000005018e-01
9.600000000000005196e-01
9.800000000000005373e-01
1.000000000000000444e+00
1.020000000000000462e+00
1.040000000000000480e+00
1.060000000000000497e+00
1.080000000000000515e+00
1.100000000000000533e+00
1.120000000000000551e+00
1.140000000000000568e+00
1.160000000000000586e+00
1.180000000000000604e+00
1.200000000000000622e+00
1.220000000000000639e+00
1.240000000000000657e+00
1.260000000000000675e+00
1.280000000000000693e+00
1.300000000000000711e+00
1.320000000000000728e+00
1.340000000000000746e+00
1.360000000000000764e+00
1.380000000000000782e+00
1.400000000000000799e+00
1.420000000000000817e+00
1.440000000000000835e+00
1.460000000000000853e+00
1.480000000000000870e+00
1.500000000000000888e+00
1.520000000000000906e+00
1.540000000000000924e+00
1.560000000000000941e+00
1.580000000000000959e+00
1.600000000000000977e+00
1.620000000000000995e+00
1.640000000000001013e+00
1.660000000000001030e+00
1.680000000000001048e+00
1.700000000000001066e+00
1.720000000000001084e+00
1.740000000000001101e+00
1.760000000000001119e+00
1.780000000000001137e+00
1.800000000000001155e+00
1.820000000000001172e+00
1.840000000000001190e+00
1.860000000000001208e+00
1.880000000000001226e+00
1.900000000000001243e+00
1.920000000000001261e+00
1.940000000000001279e+00
1.960000000000001297e+00
1.980000000000001315e+00
2.000000000000001332e+00
2.020000000000001350e+00
2.040000000000001368e+00
2.060000000000001386e+00
2.080000000000001403e+00
2.100000000000001421e+00
2.120000000000001439e+00
2.140000000000001457e+00
2.160000000000001474e+00
2.180000000000001492e+00
2.200000000000001510e+00
2.220000000000001528e+00
2.240000000000001545e+00
2.260000000000001563e+00
2.280000000000001581e+00
2.300000000000001599e+00
2.320000000000001616e+00
2.340000000000001634e+00
2.360000000000001652e+00
2.380000000000001670e+00
2.400000000000001688e+00
2.420000000000001705e+00
2.440000000000001723e+00
2.460000000000001741e+00
2.480000000000001759e+00
2.500000000000001776e+00
2.520000000000001794e+00
2.540000000000001812e+00
2.560000000000001830e+00
2.580000000000001847e+00
2.600000000000001865e+00
2.620000000000001883e+00
2.640000000000001901e+00
2.660000000000001918e+00
2.680000000000001936e+00
2.700000000000001954e+00
2.720000000000001972e+00
2.740000000000001990e+00
2.760000000000002007e+00
2.780000000000002025e+00
2.800000000000002043e+00
2.820000000000002061e+00
2.840000000000002078e+00
2.860000000000002096e+00
2.880000000000002114e+00
2.900000000000002132e+00
2.920000000000002149e+00
2.940000000000002167e+00
2.960000000000002185e+00
2.980000000000002203e+00
3.000000000000002220e+00
3.020000000000002238e+00
3.040000000000002256e+00
3.060000000000002274e+00
3.080000000000002292e+00
3.100000000000002309e+00
3.120000000000002327e+00
3.140000000000002345e+00
3.160000000000002363e+00
3.180000000000002380e+00
3.200000000000002398e+00
3.220000000000002416e+00
3.240000000000002434e+00
3.260000000000002451e+00
3.280000000000002469e+00
3.300000000000002487e+00
3.320000000000002505e+00
3.340000000000002522e+00
3.360000000000002540e+00
3.380000000000002558e+00
3.400000000000002576e+00
3.420000000000002593e+00
3.440000000000002611e+00
3.460000000000002629e+00
3.480000000000002647e+00
3.500000000000002665e+00
3.520000000000002682e+00
3.540000000000002700e+00
3.560000000000002718e+00
3.580000000000002736e+00
3.600000000000002753e+00
3.620000000000002771e+00
3.640000000000002789e+00
3.660000000000002807e+00
3.680000000000002824e+00
3.700000000000002842e+00
3.720000000000002860e+00
3.740000000000002878e+00
3.760000000000002895e+00
3.780000000000002913e+00
3.800000000000002931e+00
3.820000000000002949e+00
3.840000000000002967e+00
3.860000000000002984e+00
3.880000000000003002e+00
3.900000000000003020e+00
3.920000000000003038e+00
3.940000000000003055e+00
3.960000000000003073e+00
3.980000000000003091e+00
4.000000000000002665e+00
4.020000000000002238e+00
4.040000000000001812e+00
4.060000000000001386e+00
4.080000000000000959e+00
4.100000000000000533e+00
4.120000000000000107e+00
4.139999999999999680e+00
4.159999999999999254e+00
4.179999999999998828e+00
4.199999999999998401e+00
4.219999999999997975e+00
4.239999999999997549e+00
4.259999999999997122e+00
4.279999999999996696e+00
4.299999999999996270e+00
4.319999999999995843e+00
4.339999999999995417e+00
4.359999999999994991e+00
4.379999999999994564e+00
4.399999999999994138e+00
4.419999999999993712e+00
4.439999999999993285e+00
4.459999999999992859e+00
4.479999999999992433e+00
4.499999999999992006e+00
4.519999999999991580e+00
4.539999999999991154e+00
4.559999999999990727e+00
4.579999999999990301e+00
4.599999999999989875e+00
4.619999999999989448e+00
4.639999999999989022e+00
4.659999999999988596e+00
4.679999999999988169e+00
4.699999999999987743e+00
4.719999999999987317e+00
4.739999999999986890e+00
4.759999999999986464e+00
4.779999999999986038e+00
4.799999999999985612e+00
4.819999999999985185e+00
4.839999999999984759e+00
4.859999999999984333e+00
4.879999999999983906e+00
4.899999999999983480e+00
4.919999999999983054e+00
4.939999999999982627e+00
4.959999999999982201e+00
4.979999999999981775e+00
4.999999999999981348e+00
5.020099999999980689e+00
5.040099999999980263e+00
5.060099999999979836e+00
5.080099999999979410e+00
5.100099999999978984e+00
5.120099999999978557e+00
5.140099999999978131e+00
5.160099999999977705e+00
5.180099999999977278e+00
5.200099999999976852e+00
5.220099999999976426e+00
5.240099999999975999e+00
5.260099999999975573e+00
5.280099999999975147e+00
5.300099999999974720e+00
5.320099999999974294e+00
5.340099999999973868e+00
5.360099999999973441e+00
5.380099999999973015e+00
5.400099999999972589e+00
5.420099999999972162e+00
5.440099999999971736e+00
5.460099999999971310e+00
5.480099999999970883e+00
5.500099999999970457e+00
5.520099999999970031e+00
5.540099999999969604e+00
5.560099999999969178e+00
5.580099999999968752e+00
5.600099999999968325e+00
5.620099999999967899e+00
5.640099999999967473e+00
5.660099999999967046e+00
5.680099999999966620e+00
5.700099999999966194e+00
5.720099999999965767e+00
5.740099999999965341e+00
5.760099999999964915e+00
5.780099999999964488e+00
5.800099999999964062e+00
5.820099999999963636e+00
5.840099999999963210e+00
5.860099999999962783e+00
5.880099999999962357e+00
5.900099999999961931e+00
5.920099999999961504e+00
5.940099999999961078e+00
5.960099999999960652e+00
5.980099999999960225e+00
5.999900000000000233e+00
6.019899999999999807e+00
6.039899999999999380e+00
6.059899999999998954e+00
6.079899999999998528e+00
6.099899999999998101e+00
6.119899999999997675e+00
6.139899999999997249e+00
6.159899999999996822e+00
6.179899999999996396e+00
6.199899999999995970e+00
6.219899999999995543e+00
6.239899999999995117e+00
6.259899999999994691e+00
6.279899999999994264e+00
6.299899999999993838e+00
6.319899999999993412e+00
6.339899999999992986e+00
6.359899999999992559e+00
6.379899999999992133e+00
6.399899999999991707e+00
6.419899999999991280e+00
6.439899999999990854e+00
6.459899999999990428e+00
6.479899999999990001e+00
6.499899999999989575e+00
6.519899999999989149e+00
6.539899999999988722e+00
6.559899999999988296e+00
6.579899999999987870e+00
6.599899999999987443e+00
6.619899999999987017e+00
6.639899999999986591e+00
6.659899999999986164e+00
6.679899999999985738e+00
6.699899999999985312e+00
6.719899999999984885e+00
6.739899999999984459e+00
6.759899999999984033e+00
6.779899999999983606e+00
6.799899999999983180e+00
6.819899999999982754e+00
6.839899999999982327e+00
6.859899999999981901e+00
6.879899999999981475e+00
6.899899999999981048e+00
6.919899999999980622e+00
6.939899999999980196e+00
6.959899999999979769e+00
6.979899999999979343e+00
6.999899999999978917e+00
7.019899999999978490e+00
7.039899999999978064e+00
7.059899999999977638e+00
7.079899999999977211e+00
7.099899999999976785e+00
7.119899999999976359e+00
7.139899999999975932e+00
7.159899999999975506e+00
7.179899999999975080e+00
7.199899999999974654e+00
7.219899999999974227e+00
7.239899999999973801e+00
7.259899999999973375e+00
7.279899999999972948e+00
7.299899999999972522e+00
7.319899999999972096e+00
7.339899999999971669e+00
7.359899999999971243e+00
7.379899999999970817e+00
7.399899999999970390e+00
7.419899999999969964e+00
7.439899999999969538e+00
7.459899999999969111e+00
7.479899999999968685e+00
7.499899999999968259e+00
7.519899999999967832e+00
7.539899999999967406e+00
7.559899999999966980e+00
7.579899999999966553e+00
7.599899999999966127e+00
7.619899999999965701e+00
7.639899999999965274e+00
7.659899999999964848e+00
7.679899999999964422e+00
7.699899999999963995e+00
7.719899999999963569e+00
7.739899999999963143e+00
7.759899999999962716e+00
7.779899999999962290e+00
7.799899999999961864e+00
7.819899999999961437e+00
7.839899999999961011e+00
7.859899999999960585e+00
7.879899999999960158e+00
7.899899999999959732e+00
7.919899999999959306e+00
7.939899999999958879e+00
7.959899999999958453e+00
7.979899999999958027e+00
7.999899999999957600e+00
8.019899999999957174e+00
8.039899999999956748e+00
8.059899999999956322e+00
8.079899999999955895e+00
8.099899999999955469e+00
8.119899999999955043e+00
8.139899999999954616e+00
8.159899999999954190e+00
8.179899999999953764e+00
8.199899999999953337e+00
8.219899999999952911e+00
8.239899999999952485e+00
8.259899999999952058e+00
8.279899999999951632e+00
8.299899999999951206e+00
8.319899999999950779e+00
8.339899999999950353e+00
8.359899999999949927e+00
8.379899999999949500e+00
8.399899999999949074e+00
8.419899999999948648e+00
8.439899999999948221e+00
8.459899999999947795e+00
8.479899999999947369e+00
8.499899999999946942e+00
8.519899999999946516e+00
8.539899999999946090e+00
8.559899999999945663e+00
8.579899999999945237e+00
8.599899999999944811e+00
8.619899999999944384e+00
8.639899999999943958e+00
8.659899999999943532e+00
8.679899999999943105e+00
8.699899999999942679e+00
8.719899999999942253e+00
8.739899999999941826e+00
8.759899999999941400e+00
8.779899999999940974e+00
8.799899999999940547e+00
8.819899999999940121e+00
8.839899999999939695e+00
8.859899999999939268e+00
8.879899999999938842e+00
8.899899999999938416e+00
8.919899999999937990e+00
8.939899999999937563e+00
8.959899999999937137e+00
8.979899999999936711e+00
8.999899999999936284e+00
9.019899999999935858e+00
9.039899999999935432e+00
9.059899999999935005e+00
9.079899999999934579e+00
9.099899999999934153e+00
9.119899999999933726e+00
9.139899999999933300e+00
9.159899999999932874e+00
9.179899999999932447e+00
9.199899999999932021e+00
9.219899999999931595e+00
9.239899999999931168e+00
9.259899999999930742e+00
9.279899999999930316e+00
9.299899999999929889e+00
9.319899999999929463e+00
9.339899999999929037e+00
9.359899999999928610e+00
9.379899999999928184e+00
9.399899999999927758e+00
9.419899999999927331e+00
9.439899999999926905e+00
9.459899999999926479e+00
9.479899999999926052e+00
9.499899999999925626e+00
9.519899999999925200e+00
9.539899999999924773e+00
9.559899999999924347e+00
9.579899999999923921e+00
9.599899999999923494e+00
9.619899999999923068e+00
9.639899999999922642e+00
9.659899999999922215e+00
9.679899999999921789e+00
9.699899999999921363e+00
9.719899999999920936e+00
9.739899999999920510e+00
9.759899999999920084e+00
9.779899999999919658e+00
9.799899999999919231e+00
9.819899999999918805e+00
9.839899999999918379e+00
9.859899999999917952e+00
9.879899999999917526e+00
9.899899999999917100e+00
9.919899999999916673e+00
9.939899999999916247e+00
9.959899999999915821e+00
9.979899999999915394e+00
9.999899999999914968e+00
1.001989999999991454e+01
1.003989999999991412e+01
1.005989999999991369e+01
1.007989999999991326e+01
1.009989999999991284e+01
1.011989999999991241e+01
1.013989999999991198e+01
1.015989999999991156e+01
1.017989999999991113e+01
1.019989999999991070e+01
1.021989999999991028e+01
1.023989999999990985e+01
1.025989999999990943e+01
1.027989999999990900e+01
1.029989999999990857e+01
1.031989999999990815e+01
1.033989999999990772e+01
1.035989999999990729e+01
1.037989999999990687e+01
1.039989999999990644e+01
1.041989999999990602e+01
1.043989999999990559e+01
1.045989999999990516e+01
1.047989999999990474e+01
1.049989999999990431e+01
1.051989999999990388e+01
1.053989999999990346e+01
1.055989999999990303e+01
1.057989999999990260e+01
1.059989999999990218e+01
1.061989999999990175e+01
1.063989999999990133e+01
1.065989999999990090e+01
1.067989999999990047e+01
1.069989999999990005e+01
1.071989999999989962e+01
1.073989999999989919e+01
1.075989999999989877e+01
1.077989999999989834e+01
1.079989999999989791e+01
1.081989999999989749e+01
1.083989999999989706e+01
1.085989999999989664e+01
1.087989999999989621e+01
1.089989999999989578e+01
1.091989999999989536e+01
1.093989999999989493e+01
1.095989999999989450e+01
1.097989999999989408e+01
1.099989999999989365e+01
1.102009999999989276e+01
1.104009999999989233e+01
1.106009999999989191e+01
1.108009999999989148e+01
1.110009999999989105e+01
1.112009999999989063e+01
1.114009999999989020e+01
1.116009999999988977e+01
1.118009999999988935e+01
1.120009999999988892e+01
1.122009999999988850e+01
1.124009999999988807e+01
1.126009999999988764e+01
1.128009999999988722e+01
1.130009999999988679e+01
1.132009999999988636e+01
1.134009999999988594e+01
1.136009999999988551e+01
1.138009999999988509e+01
1.140009999999988466e+01
1.142009999999988423e+01
1.144009999999988381e+01
1.146009999999988338e+01
1.148009999999988295e+01
1.150009999999988253e+01
1.152009999999988210e+01
1.154009999999988167e+01
1.156009999999988125e+01
1.158009999999988082e+01
1.160009999999988040e+01
1.162009999999987997e+01
1.164009999999987954e+01
1.166009999999987912e+01
1.168009999999987869e+01
1.170009999999987826e+01
1.172009999999987784e+01
1.174009999999987741e+01
1.176009999999987699e+01
1.178009999999987656e+01
1.180009999999987613e+01
1.182009999999987571e+01
1.184009999999987528e+01
1.186009999999987485e+01
1.188009999999987443e+01
1.190009999999987400e+01
1.192009999999987357e+01
1.194009999999987315e+01
1.196009999999987272e+01
1.198009999999987230e+01
1.199990000000000023e+01
1.201989999999999981e+01
1.203989999999999938e+01
1.205989999999999895e+01
1.207989999999999853e+01
1.209989999999999810e+01
1.211989999999999768e+01
1.213989999999999725e+01
1.215989999999999682e+01
1.217989999999999640e+01
1.219989999999999597e+01
1.221989999999999554e+01
1.223989999999999512e+01
1.225989999999999469e+01
1.227989999999999426e+01
1.229989999999999384e+01
1.231989999999999341e+01
1.233989999999999299e+01
1.235989999999999256e+01
1.237989999999999213e+01
1.239989999999999171e+01
1.241989999999999128e+01
1.243989999999999085e+01
1.245989999999999043e+01
1.247989999999999000e+01
1.249989999999998957e+01
1.251989999999998915e+01
1.253989999999998872e+01
1.255989999999998830e+01
1.257989999999998787e+01
1.259989999999998744e+01
1.261989999999998702e+01
1.263989999999998659e+01
1.265989999999998616e+01
1.267989999999998574e+01
1.269989999999998531e+01
1.271989999999998489e+01
1.273989999999998446e+01
1.275989999999998403e+01
1.277989999999998361e+01
1.279989999999998318e+01
1.281989999999998275e+01
1.283989999999998233e+01
1.285989999999998190e+01
1.287989999999998147e+01
1.289989999999998105e+01
1.291989999999998062e+01
1.293989999999998020e+01
1.295989999999997977e+01
1.297989999999997934e+01
1.299989999999997892e+01
1.301989999999997849e+01
1.303989999999997806e+01
1.305989999999997764e+01
1.307989999999997721e+01
1.309989999999997679e+01
1.311989999999997636e+01
1.313989999999997593e+01
1.315989999999997551e+01
1.317989999999997508e+01
1.319989999999997465e+01
1.321989999999997423e+01
1.323989999999997380e+01
1.325989999999997337e+01
1.327989999999997295e+01
1.329989999999997252e+01
1.331989999999997210e+01
1.333989999999997167e+01
1.335989999999997124e+01
1.337989999999997082e+01
1.339989999999997039e+01
1.341989999999996996e+01
1.343989999999996954e+01
1.345989999999996911e+01
1.347989999999996868e+01
1.349989999999996826e+01
1.351989999999996783e+01
1.353989999999996741e+01
1.355989999999996698e+01
1.357989999999996655e+01
1.359989999999996613e+01
1.361989999999996570e+01
1.363989999999996527e+01
1.365989999999996485e+01
1.367989999999996442e+01
1.369989999999996400e+01
1.371989999999996357e+01
1.373989999999996314e+01
1.375989999999996272e+01
1.377989999999996229e+01
1.379989999999996186e+01
1.381989999999996144e+01
1.383989999999996101e+01
1.385989999999996058e+01
1.387989999999996016e+01
1.389989999999995973e+01
1.391989999999995931e+01
1.393989999999995888e+01
1.395989999999995845e+01
1.397989999999995803e+01
1.399989999999995760e+01
1.401989999999995717e+01
1.403989999999995675e+01
1.405989999999995632e+01
1.407989999999995590e+01
1.409989999999995547e+01
1.411989999999995504e+01
1.413989999999995462e+01
1.415989999999995419e+01
1.417989999999995376e+01
1.419989999999995334e+01
1.421989999999995291e+01
1.423989999999995248e+01
1.425989999999995206e+01
1.427989999999995163e+01
1.429989999999995121e+01
1.431989999999995078e+01
1.433989999999995035e+01
1.435989999999994993e+01
1.437989999999994950e+01
1.439989999999994907e+01
1.441989999999994865e+01
1.443989999999994822e+01
1.445989999999994780e+01
1.447989999999994737e+01
1.449989999999994694e+01
1.451989999999994652e+01
1.453989999999994609e+01
1.455989999999994566e+01
1.457989999999994524e+01
1.459989999999994481e+01
1.461989999999994438e+01
1.463989999999994396e+01
1.465989999999994353e+01
1.467989999999994311e+01
1.469989999999994268e+01
1.471989999999994225e+01
1.473989999999994183e+01
1.475989999999994140e+01
1.477989999999994097e+01
1.479989999999994055e+01
1.481989999999994012e+01
1.483989999999993969e+01
1.485989999999993927e+01
1.487989999999993884e+01
1.489989999999993842e+01
1.491989999999993799e+01
1.493989999999993756e+01
1.495989999999993714e+01
1.497989999999993671e+01
1.499989999999993628e+01
1.501989999999993586e+01
1.503989999999993543e+01
1.505989999999993501e+01
1.507989999999993458e+01
1.509989999999993415e+01
1.511989999999993373e+01
1.513989999999993330e+01
1.515989999999993287e+01
1.517989999999993245e+01
1.519989999999993202e+01
1.521989999999993159e+01
1.523989999999993117e+01
1.525989999999993074e+01
1.527989999999993032e+01
1.529989999999992989e+01
1.531989999999992946e+01
1.533989999999992904e+01
1.535989999999992861e+01
1.537989999999992818e+01
1.539989999999992776e+01
1.541989999999992733e+01
1.543989999999992691e+01
1.545989999999992648e+01
1.547989999999992605e+01
1.549989999999992563e+01
1.551989999999992520e+01
1.553989999999992477e+01
1.555989999999992435e+01
1.557989999999992392e+01
1.559989999999992349e+01
1.561989999999992307e+01
1.563989999999992264e+01
1.565989999999992222e+01
1.567989999999992179e+01
1.569989999999992136e+01
1.571989999999992094e+01
1.573989999999992051e+01
1.575989999999992008e+01
1.577989999999991966e+01
1.579989999999991923e+01
1.581989999999991880e+01
1.583989999999991838e+01
1.585989999999991795e+01
1.587989999999991753e+01
1.589989999999991710e+01
1.591989999999991667e+01
1.593989999999991625e+01
1.595989999999991582e+01
1.597989999999991539e+01
1.599989999999991497e+01
1.601989999999991454e+01
1.603989999999991412e+01
1.605989999999991369e+01
1.607989999999991326e+01
1.609989999999991284e+01
1.611989999999991241e+01
1.613989999999991198e+01
1.615989999999991156e+01
1.617989999999991113e+01
1.619989999999991070e+01
1.621989999999991028e+01
1.623989999999990985e+01
1.625989999999990943e+01
1.627989999999990900e+01
1.629989999999990857e+01
1.631989999999990815e+01
1.633989999999990772e+01
1.635989999999990729e+01
1.637989999999990687e+01
1.639989999999990644e+01
1.641989999999990602e+01
1.643989999999990559e+01
1.645989999999990516e+01
1.647989999999990474e+01
1.649989999999990431e+01
1.651989999999990388e+01
1.653989999999990346e+01
1.655989999999990303e+01
1.657989999999990260e+01
1.659989999999990218e+01
1.661989999999990175e+01
1.663989999999990133e+01
1.665989999999990090e+01
1.667989999999990047e+01
1.669989999999990005e+01
1.671989999999989962e+01
1.673989999999989919e+01
1.675989999999989877e+01
1.677989999999989834e+01
1.679989999999989791e+01
1.681989999999989749e+01
1.683989999999989706e+01
1.685989999999989664e+01
1.687989999999989621e+01
1.689989999999989578e+01
1.691989999999989536e+01
1.693989999999989493e+01
1.695989999999989450e+01
1.697989999999989408e+01
1.699989999999989365e+01
1.702009999999989276e+01
1.704009999999989233e+01
1.706009999999989191e+01
1.708009999999989148e+01
1.710009999999989105e+01
1.712009999999989063e+01
1.714009999999989020e+01
1.716009999999988977e+01
1.718009999999988935e+01
1.720009999999988892e+01
1.722009999999988850e+01
1.724009999999988807e+01
1.726009999999988764e+01
1.728009999999988722e+01
1.730009999999988679e+01
1.732009999999988636e+01
1.734009999999988594e+01
1.736009999999988551e+01
1.738009999999988509e+01
1.740009999999988466e+01
1.742009999999988423e+01
1.744009999999988381e+01
1.746009999999988338e+01
1.748009999999988295e+01
1.750009999999988253e+01
1.752009999999988210e+01
1.754009999999988167e+01
1.756009999999988125e+01
1.758009999999988082e+01
1.760009999999988040e+01
1.762009999999987997e+01
1.764009999999987954e+01
1.766009999999987912e+01
1.768009999999987869e+01
1.770009999999987826e+01
1.772009999999987784e+01
1.774009999999987741e+01
1.776009999999987699e+01
1.778009999999987656e+01
1.780009999999987613e+01
1.782009999999987571e+01
1.784009999999987528e+01
1.786009999999987485e+01
1.788009999999987443e+01
1.790009999999987400e+01
1.792009999999987357e+01
1.794009999999987315e+01
1.796009999999987272e+01
1.798009999999987230e+01
1.800009999999987187e+01
1.802009999999987144e+01
1.804009999999987102e+01
1.806009999999987059e+01
1.808009999999987016e+01
1.810009999999986974e+01
1.812009999999986931e+01
1.814009999999986888e+01
1.816009999999986846e+01
1.818009999999986803e+01
1.820009999999986761e+01
1.822009999999986718e+01
1.824009999999986675e+01
1.826009999999986633e+01
1.828009999999986590e+01
1.830009999999986547e+01
1.832009999999986505e+01
1.834009999999986462e+01
1.836009999999986420e+01
1.838009999999986377e+01
1.840009999999986334e+01
1.842009999999986292e+01
1.844009999999986249e+01
1.846009999999986206e+01
1.848009999999986164e+01
1.850009999999986121e+01
1.852009999999986078e+01
1.854009999999986036e+01
1.856009999999985993e+01
1.858009999999985951e+01
1.860009999999985908e+01
1.862009999999985865e+01
1.864009999999985823e+01
1.866009999999985780e+01
1.868009999999985737e+01
1.870009999999985695e+01
1.872009999999985652e+01
1.874009999999985610e+01
1.876009999999985567e+01
1.878009999999985524e+01
1.880009999999985482e+01
1.882009999999985439e+01
1.884009999999985396e+01
1.886009999999985354e+01
1.888009999999985311e+01
1.890009999999985268e+01
1.892009999999985226e+01
1.894009999999985183e+01
1.896009999999985141e+01
1.898009999999985098e+01
1.900009999999985055e+01
1.902009999999985013e+01
1.904009999999984970e+01
1.906009999999984927e+01
1.908009999999984885e+01
1.910009999999984842e+01
1.912009999999984800e+01
1.914009999999984757e+01
1.916009999999984714e+01
1.918009999999984672e+01
1.920009999999984629e+01
1.922009999999984586e+01
1.924009999999984544e+01
1.926009999999984501e+01
1.928009999999984458e+01
1.930009999999984416e+01
1.932009999999984373e+01
1.934009999999984331e+01
1.936009999999984288e+01
1.938009999999984245e+01
1.940009999999984203e+01
1.942009999999984160e+01
1.944009999999984117e+01
1.946009999999984075e+01
1.948009999999984032e+01
1.950009999999983989e+01
1.952009999999983947e+01
1.954009999999983904e+01
1.956009999999983862e+01
1.958009999999983819e+01
1.960009999999983776e+01
1.962009999999983734e+01
1.964009999999983691e+01
1.966009999999983648e+01
1.968009999999983606e+01
1.970009999999983563e+01
1.972009999999983521e+01
1.974009999999983478e+01
1.976009999999983435e+01
1.978009999999983393e+01
1.980009999999983350e+01
1.982009999999983307e+01
1.984009999999983265e+01
1.986009999999983222e+01
1.988009999999983179e+01
1.990009999999983137e+01
1.992009999999983094e+01
1.994009999999983052e+01
1.996009999999983009e+01
1.998009999999982966e+01
2.000000000000000000e+01
