0.000000000000000000e+00
1.000000000000000048e-04
1.990000000000000102e-02
2.000000000000000042e-02
2.009999999999999981e-02
3.989999999999999797e-02
4.000000000000000083e-02
4.010000000000000370e-02
5.989999999999999492e-02
5.999999999999999778e-02
6.010000000000000064e-02
7.989999999999999880e-02
8.000000000000000167e-02
8.010000000000000453e-02
9.990000000000000269e-02
1.000000000000000056e-01
1.001000000000000084e-01
1.199000000000000066e-01
1.200000000000000094e-01
1.201000000000000123e-01
1.399000000000000243e-01
1.400000000000000133e-01
1.401000000000000023e-01
1.599000000000000143e-01
1.600000000000000033e-01
1.600999999999999923e-01
1.799000000000000044e-01
1.799999999999999933e-01
1.800999999999999823e-01
1.998999999999999944e-01
1.999999999999999833e-01
2.000999999999999723e-01
2.198999999999999844e-01
2.199999999999999734e-01
2.200999999999999623e-01
2.398999999999999744e-01
2.399999999999999634e-01
2.400999999999999523e-01
2.598999999999999644e-01
2.599999999999999534e-01
2.600999999999999424e-01
2.798999999999999821e-01
2.799999999999999711e-01
2.800999999999999601e-01
2.998999999999999999e-01
2.999999999999999889e-01
3.000999999999999779e-01
3.199000000000000177e-01
3.200000000000000067e-01
3.200999999999999956e-01
3.399000000000000354e-01
3.400000000000000244e-01
3.401000000000000134e-01
3.599000000000000532e-01
3.600000000000000422e-01
3.601000000000000312e-01
3.799000000000000710e-01
3.800000000000000600e-01
3.801000000000000489e-01
3.999000000000000887e-01
4.000000000000000777e-01
4.001000000000000667e-01
4.199000000000001065e-01
4.200000000000000955e-01
4.201000000000000845e-01
4.399000000000001243e-01
4.400000000000001132e-01
4.401000000000001022e-01
4.599000000000001420e-01
4.600000000000001310e-01
4.601000000000001200e-01
4.799000000000001598e-01
4.800000000000001488e-01
4.801000000000001378e-01
4.999000000000001220e-01
5.000000000000001110e-01
5.001000000000001000e-01
5.199000000000001398e-01
5.200000000000001288e-01
5.201000000000001178e-01
5.399000000000001576e-01
5.400000000000001465e-01
5.401000000000001355e-01
5.599000000000001753e-01
5.600000000000001643e-01
5.601000000000001533e-01
5.799000000000001931e-01
5.800000000000001821e-01
5.801000000000001711e-01
5.999000000000002109e-01
6.000000000000001998e-01
6.001000000000001888e-01
6.199000000000002286e-01
6.200000000000002176e-01
6.201000000000002066e-01
6.399000000000002464e-01
6.400000000000002354e-01
6.401000000000002244e-01
6.599000000000002641e-01
6.600000000000002531e-01
6.601000000000002421e-01
6.799000000000002819e-01
6.800000000000002709e-01
6.801000000000002599e-01
6.999000000000002997e-01
7.000000000000002887e-01
7.001000000000002776e-01
7.199000000000003174e-01
7.200000000000003064e-01
7.201000000000002954e-01
7.399000000000003352e-01
7.400000000000003242e-01
7.401000000000003132e-01
7.599000000000003530e-01
7.600000000000003419e-01
7.601000000000003309e-01
7.799000000000003707e-01
7.800000000000003597e-01
7.801000000000003487e-01
7.999000000000003885e-01
8.000000000000003775e-01
8.001000000000003665e-01
8.199000000000004063e-01
8.200000000000003952e-01
8.201000000000003842e-01
8.399000000000004240e-01
8.400000000000004130e-01
8.401000000000004020e-01
8.599000000000004418e-01
8.600000000000004308e-01
8.601000000000004198e-01
8.799000000000004595e-01
8.800000000000004485e-01
8.801000000000004375e-01
8.999000000000004773e-01
9.000000000000004663e-01
9.001000000000004553e-01
9.199000000000004951e-01
9.200000000000004841e-01
9.201000000000004730e-01
9.399000000000005128e-01
9.400000000000005018e-01
9.401000000000004908e-01
9.599000000000005306e-01
9.600000000000005196e-01
9.601000000000005086e-01
9.799000000000005484e-01
9.800000000000005373e-01
9.801000000000005263e-01
9.999000000000004551e-01
1.000000000000000444e+00
1.000100000000000433e+00
1.019900000000000473e+00
1.020000000000000462e+00
1.020100000000000451e+00
1.039900000000000491e+00
1.040000000000000480e+00
1.040100000000000469e+00
1.059900000000000508e+00
1.060000000000000497e+00
1.060100000000000486e+00
1.079900000000000526e+00
1.080000000000000515e+00
1.080100000000000504e+00
1.099900000000000544e+00
1.100000000000000533e+00
1.100100000000000522e+00
1.119900000000000562e+00
1.120000000000000551e+00
1.120100000000000540e+00
1.139900000000000579e+00
1.140000000000000568e+00
1.140100000000000557e+00
1.159900000000000597e+00
1.160000000000000586e+00
1.160100000000000575e+00
1.179900000000000615e+00
1.180000000000000604e+00
1.180100000000000593e+00
1.199900000000000633e+00
1.200000000000000622e+00
1.200100000000000611e+00
1.219900000000000651e+00
1.220000000000000639e+00
1.220100000000000628e+00
1.239900000000000668e+00
1.240000000000000657e+00
1.240100000000000646e+00
1.259900000000000686e+00
1.260000000000000675e+00
1.260100000000000664e+00
1.279900000000000704e+00
1.280000000000000693e+00
1.280100000000000682e+00
1.299900000000000722e+00
1.300000000000000711e+00
1.300100000000000700e+00
1.319900000000000739e+00
1.320000000000000728e+00
1.320100000000000717e+00
1.339900000000000757e+00
1.340000000000000746e+00
1.340100000000000735e+00
1.359900000000000775e+00
1.360000000000000764e+00
1.360100000000000753e+00
1.379900000000000793e+00
1.380000000000000782e+00
1.380100000000000771e+00
1.399900000000000810e+00
1.400000000000000799e+00
1.400100000000000788e+00
1.419900000000000828e+00
1.420000000000000817e+00
1.420100000000000806e+00
1.439900000000000846e+00
1.440000000000000835e+00
1.440100000000000824e+00
1.459900000000000864e+00
1.460000000000000853e+00
1.460100000000000842e+00
1.479900000000000881e+00
1.480000000000000870e+00
1.480100000000000859e+00
1.499900000000000899e+00
1.500000000000000888e+00
1.500100000000000877e+00
1.519900000000000917e+00
1.520000000000000906e+00
1.520100000000000895e+00
1.539900000000000935e+00
1.540000000000000924e+00
1.540100000000000913e+00
1.559900000000000952e+00
1.560000000000000941e+00
1.560100000000000930e+00
1.579900000000000970e+00
1.580000000000000959e+00
1.580100000000000948e+00
1.599900000000000988e+00
1.600000000000000977e+00
1.600100000000000966e+00
1.619900000000001006e+00
1.620000000000000995e+00
1.620100000000000984e+00
1.639900000000001024e+00
1.640000000000001013e+00
1.640100000000001002e+00
1.659900000000001041e+00
1.660000000000001030e+00
1.660100000000001019e+00
1.679900000000001059e+00
1.680000000000001048e+00
1.680100000000001037e+00
1.699900000000001077e+00
1.700000000000001066e+00
1.700100000000001055e+00
1.719900000000001095e+00
1.720000000000001084e+00
1.720100000000001073e+00
1.739900000000001112e+00
1.740000000000001101e+00
1.740100000000001090e+00
1.759900000000001130e+00
1.760000000000001119e+00
1.760100000000001108e+00
1.779900000000001148e+00
1.780000000000001137e+00
1.780100000000001126e+00
1.799900000000001166e+00
1.800000000000001155e+00
1.800100000000001144e+00
1.819900000000001183e+00
1.820000000000001172e+00
1.820100000000001161e+00
1.839900000000001201e+00
1.840000000000001190e+00
1.840100000000001179e+00
1.859900000000001219e+00
1.860000000000001208e+00
1.860100000000001197e+00
1.879900000000001237e+00
1.880000000000001226e+00
1.880100000000001215e+00
1.899900000000001254e+00
1.900000000000001243e+00
1.900100000000001232e+00
1.919900000000001272e+00
1.920000000000001261e+00
1.920100000000001250e+00
1.939900000000001290e+00
1.940000000000001279e+00
1.940100000000001268e+00
1.959900000000001308e+00
1.960000000000001297e+00
1.960100000000001286e+00
1.979900000000001326e+00
1.980000000000001315e+00
1.980100000000001303e+00
1.999900000000001343e+00
2.000000000000001332e+00
2.000100000000001543e+00
2.019900000000001139e+00
2.020000000000001350e+00
2.020100000000001561e+00
2.039900000000001157e+00
2.040000000000001368e+00
2.040100000000001579e+00
2.059900000000001175e+00
2.060000000000001386e+00
2.060100000000001597e+00
2.079900000000001192e+00
2.080000000000001403e+00
2.080100000000001614e+00
2.099900000000001210e+00
2.100000000000001421e+00
2.100100000000001632e+00
2.119900000000001228e+00
2.120000000000001439e+00
2.120100000000001650e+00
2.139900000000001246e+00
2.140000000000001457e+00
2.140100000000001668e+00
2.159900000000001263e+00
2.160000000000001474e+00
2.160100000000001685e+00
2.179900000000001281e+00
2.180000000000001492e+00
2.180100000000001703e+00
2.199900000000001299e+00
2.200000000000001510e+00
2.200100000000001721e+00
2.219900000000001317e+00
2.220000000000001528e+00
2.220100000000001739e+00
2.239900000000001334e+00
2.240000000000001545e+00
2.240100000000001756e+00
2.259900000000001352e+00
2.260000000000001563e+00
2.260100000000001774e+00
2.279900000000001370e+00
2.280000000000001581e+00
2.280100000000001792e+00
2.299900000000001388e+00
2.300000000000001599e+00
2.300100000000001810e+00
2.319900000000001405e+00
2.320000000000001616e+00
2.320100000000001828e+00
2.339900000000001423e+00
2.340000000000001634e+00
2.340100000000001845e+00
2.359900000000001441e+00
2.360000000000001652e+00
2.360100000000001863e+00
2.379900000000001459e+00
2.380000000000001670e+00
2.380100000000001881e+00
2.399900000000001477e+00
2.400000000000001688e+00
2.400100000000001899e+00
2.419900000000001494e+00
2.420000000000001705e+00
2.420100000000001916e+00
2.439900000000001512e+00
2.440000000000001723e+00
2.440100000000001934e+00
2.459900000000001530e+00
2.460000000000001741e+00
2.460100000000001952e+00
2.479900000000001548e+00
2.480000000000001759e+00
2.480100000000001970e+00
2.499900000000001565e+00
2.500000000000001776e+00
2.500100000000001987e+00
2.519900000000001583e+00
2.520000000000001794e+00
2.520100000000002005e+00
2.539900000000001601e+00
2.540000000000001812e+00
2.540100000000002023e+00
2.559900000000001619e+00
2.560000000000001830e+00
2.560100000000002041e+00
2.579900000000001636e+00
2.580000000000001847e+00
2.580100000000002058e+00
2.599900000000001654e+00
2.600000000000001865e+00
2.600100000000002076e+00
2.619900000000001672e+00
2.620000000000001883e+00
2.620100000000002094e+00
2.639900000000001690e+00
2.640000000000001901e+00
2.640100000000002112e+00
2.659900000000001707e+00
2.660000000000001918e+00
2.660100000000002129e+00
2.679900000000001725e+00
2.680000000000001936e+00
2.680100000000002147e+00
2.699900000000001743e+00
2.700000000000001954e+00
2.700100000000002165e+00
2.719900000000001761e+00
2.720000000000001972e+00
2.720100000000002183e+00
2.739900000000001778e+00
2.740000000000001990e+00
2.740100000000002201e+00
2.759900000000001796e+00
2.760000000000002007e+00
2.760100000000002218e+00
2.779900000000001814e+00
2.780000000000002025e+00
2.780100000000002236e+00
2.799900000000001832e+00
2.800000000000002043e+00
2.800100000000002254e+00
2.819900000000001850e+00
2.820000000000002061e+00
2.820100000000002272e+00
2.839900000000001867e+00
2.840000000000002078e+00
2.840100000000002289e+00
2.859900000000001885e+00
2.860000000000002096e+00
2.860100000000002307e+00
2.879900000000001903e+00
2.880000000000002114e+00
2.880100000000002325e+00
2.899900000000001921e+00
2.900000000000002132e+00
2.900100000000002343e+00
2.919900000000001938e+00
2.920000000000002149e+00
2.920100000000002360e+00
2.939900000000001956e+00
2.940000000000002167e+00
2.940100000000002378e+00
2.959900000000001974e+00
2.960000000000002185e+00
2.960100000000002396e+00
2.979900000000001992e+00
2.980000000000002203e+00
2.980100000000002414e+00
2.999900000000002009e+00
3.000000000000002220e+00
3.000100000000002431e+00
3.019900000000002027e+00
3.020000000000002238e+00
3.020100000000002449e+00
3.039900000000002045e+00
3.040000000000002256e+00
3.040100000000002467e+00
3.059900000000002063e+00
3.060000000000002274e+00
3.060100000000002485e+00
3.079900000000002080e+00
3.080000000000002292e+00
3.080100000000002503e+00
3.099900000000002098e+00
3.100000000000002309e+00
3.100100000000002520e+00
3.119900000000002116e+00
3.120000000000002327e+00
3.120100000000002538e+00
3.139900000000002134e+00
3.140000000000002345e+00
3.140100000000002556e+00
3.159900000000002152e+00
3.160000000000002363e+00
3.160100000000002574e+00
3.179900000000002169e+00
3.180000000000002380e+00
3.180100000000002591e+00
3.199900000000002187e+00
3.200000000000002398e+00
3.200100000000002609e+00
3.219900000000002205e+00
3.220000000000002416e+00
3.220100000000002627e+00
3.239900000000002223e+00
3.240000000000002434e+00
3.240100000000002645e+00
3.259900000000002240e+00
3.260000000000002451e+00
3.260100000000002662e+00
3.279900000000002258e+00
3.280000000000002469e+00
3.280100000000002680e+00
3.299900000000002276e+00
3.300000000000002487e+00
3.300100000000002698e+00
3.319900000000002294e+00
3.320000000000002505e+00
3.320100000000002716e+00
3.339900000000002311e+00
3.340000000000002522e+00
3.340100000000002733e+00
3.359900000000002329e+00
3.360000000000002540e+00
3.360100000000002751e+00
3.379900000000002347e+00
3.380000000000002558e+00
3.380100000000002769e+00
3.399900000000002365e+00
3.400000000000002576e+00
3.400100000000002787e+00
3.419900000000002382e+00
3.420000000000002593e+00
3.420100000000002805e+00
3.439900000000002400e+00
3.440000000000002611e+00
3.440100000000002822e+00
3.459900000000002418e+00
3.460000000000002629e+00
3.460100000000002840e+00
3.479900000000002436e+00
3.480000000000002647e+00
3.480100000000002858e+00
3.499900000000002454e+00
3.500000000000002665e+00
3.500100000000002876e+00
3.519900000000002471e+00
3.520000000000002682e+00
3.520100000000002893e+00
3.539900000000002489e+00
3.540000000000002700e+00
3.540100000000002911e+00
3.559900000000002507e+00
3.560000000000002718e+00
3.560100000000002929e+00
3.579900000000002525e+00
3.580000000000002736e+00
3.580100000000002947e+00
3.599900000000002542e+00
3.600000000000002753e+00
3.600100000000002964e+00
3.619900000000002560e+00
3.620000000000002771e+00
3.620100000000002982e+00
3.639900000000002578e+00
3.640000000000002789e+00
3.640100000000003000e+00
3.659900000000002596e+00
3.660000000000002807e+00
3.660100000000003018e+00
3.679900000000002613e+00
3.680000000000002824e+00
3.680100000000003035e+00
3.699900000000002631e+00
3.700000000000002842e+00
3.700100000000003053e+00
3.719900000000002649e+00
3.720000000000002860e+00
3.720100000000003071e+00
3.739900000000002667e+00
3.740000000000002878e+00
3.740100000000003089e+00
3.759900000000002684e+00
3.760000000000002895e+00
3.760100000000003106e+00
3.779900000000002702e+00
3.780000000000002913e+00
3.780100000000003124e+00
3.799900000000002720e+00
3.800000000000002931e+00
3.800100000000003142e+00
3.819900000000002738e+00
3.820000000000002949e+00
3.820100000000003160e+00
3.839900000000002755e+00
3.840000000000002967e+00
3.840100000000003178e+00
3.859900000000002773e+00
3.860000000000002984e+00
3.860100000000003195e+00
3.879900000000002791e+00
3.880000000000003002e+00
3.880100000000003213e+00
3.899900000000002809e+00
3.900000000000003020e+00
3.900100000000003231e+00
3.919900000000002827e+00
3.920000000000003038e+00
3.920100000000003249e+00
3.939900000000002844e+00
3.940000000000003055e+00
3.940100000000003266e+00
3.959900000000002862e+00
3.960000000000003073e+00
3.960100000000003284e+00
3.979900000000002880e+00
3.980000000000003091e+00
3.980100000000003302e+00
3.999900000000002454e+00
4.000000000000002665e+00
4.000100000000002431e+00
4.019900000000002471e+00
4.020000000000002238e+00
4.020100000000002005e+00
4.039900000000002045e+00
4.040000000000001812e+00
4.040100000000001579e+00
4.059900000000001619e+00
4.060000000000001386e+00
4.060100000000001153e+00
4.079900000000001192e+00
4.080000000000000959e+00
4.080100000000000726e+00
4.099900000000000766e+00
4.100000000000000533e+00
4.100100000000000300e+00
4.119900000000000340e+00
4.120000000000000107e+00
4.120099999999999874e+00
4.139899999999999913e+00
4.139999999999999680e+00
4.140099999999999447e+00
4.159899999999999487e+00
4.159999999999999254e+00
4.160099999999999021e+00
4.179899999999999061e+00
4.179999999999998828e+00
4.180099999999998595e+00
4.199899999999998634e+00
4.199999999999998401e+00
4.200099999999998168e+00
4.219899999999998208e+00
4.219999999999997975e+00
4.220099999999997742e+00
4.239899999999997782e+00
4.239999999999997549e+00
4.240099999999997316e+00
4.259899999999997355e+00
4.259999999999997122e+00
4.260099999999996889e+00
4.279899999999996929e+00
4.279999999999996696e+00
4.280099999999996463e+00
4.299899999999996503e+00
4.299999999999996270e+00
4.300099999999996037e+00
4.319899999999996076e+00
4.319999999999995843e+00
4.320099999999995610e+00
4.339899999999995650e+00
4.339999999999995417e+00
4.340099999999995184e+00
4.359899999999995224e+00
4.359999999999994991e+00
4.360099999999994758e+00
4.379899999999994797e+00
4.379999999999994564e+00
4.380099999999994331e+00
4.399899999999994371e+00
4.399999999999994138e+00
4.400099999999993905e+00
4.419899999999993945e+00
4.419999999999993712e+00
4.420099999999993479e+00
4.439899999999993518e+00
4.439999999999993285e+00
4.440099999999993052e+00
4.459899999999993092e+00
4.459999999999992859e+00
4.460099999999992626e+00
4.479899999999992666e+00
4.479999999999992433e+00
4.480099999999992200e+00
4.499899999999992239e+00
4.499999999999992006e+00
4.500099999999991773e+00
4.519899999999991813e+00
4.519999999999991580e+00
4.520099999999991347e+00
4.539899999999991387e+00
4.539999999999991154e+00
4.540099999999990921e+00
4.559899999999990960e+00
4.559999999999990727e+00
4.560099999999990494e+00
4.579899999999990534e+00
4.579999999999990301e+00
4.580099999999990068e+00
4.599899999999990108e+00
4.599999999999989875e+00
4.600099999999989642e+00
4.619899999999989681e+00
4.619999999999989448e+00
4.620099999999989215e+00
4.639899999999989255e+00
4.639999999999989022e+00
4.640099999999988789e+00
4.659899999999988829e+00
4.659999999999988596e+00
4.660099999999988363e+00
4.679899999999988403e+00
4.679999999999988169e+00
4.680099999999987936e+00
4.699899999999987976e+00
4.699999999999987743e+00
4.700099999999987510e+00
4.719899999999987550e+00
4.719999999999987317e+00
4.720099999999987084e+00
4.739899999999987124e+00
4.739999999999986890e+00
4.740099999999986657e+00
4.759899999999986697e+00
4.759999999999986464e+00
4.760099999999986231e+00
4.779899999999986271e+00
4.779999999999986038e+00
4.780099999999985805e+00
4.799899999999985845e+00
4.799999999999985612e+00
4.800099999999985378e+00
4.819899999999985418e+00
4.819999999999985185e+00
4.820099999999984952e+00
4.839899999999984992e+00
4.839999999999984759e+00
4.840099999999984526e+00
4.859899999999984566e+00
4.859999999999984333e+00
4.860099999999984099e+00
4.879899999999984139e+00
4.879999999999983906e+00
4.880099999999983673e+00
4.899899999999983713e+00
4.899999999999983480e+00
4.900099999999983247e+00
4.919899999999983287e+00
4.919999999999983054e+00
4.920099999999982820e+00
4.939899999999982860e+00
4.939999999999982627e+00
4.940099999999982394e+00
4.959899999999982434e+00
4.959999999999982201e+00
4.960099999999981968e+00
4.979899999999982008e+00
4.979999999999981775e+00
4.980099999999981542e+00
4.999899999999981581e+00
4.999999999999981348e+00
5.000099999999981115e+00
5.020099999999980689e+00
5.040099999999980263e+00
5.060099999999979836e+00
5.080099999999979410e+00
5.100099999999978984e+00
5.120099999999978557e+00
5.140099999999978131e+00
5.160099999999977705e+00
5.180099999999977278e+00
5.200099999999976852e+00
5.220099999999976426e+00
5.240099999999975999e+00
5.260099999999975573e+00
5.280099999999975147e+00
5.300099999999974720e+00
5.320099999999974294e+00
5.340099999999973868e+00
5.360099999999973441e+00
5.380099999999973015e+00
5.400099999999972589e+00
5.420099999999972162e+00
5.440099999999971736e+00
5.460099999999971310e+00
5.480099999999970883e+00
5.500099999999970457e+00
5.520099999999970031e+00
5.540099999999969604e+00
5.560099999999969178e+00
5.580099999999968752e+00
5.600099999999968325e+00
5.620099999999967899e+00
5.640099999999967473e+00
5.660099999999967046e+00
5.680099999999966620e+00
5.700099999999966194e+00
5.720099999999965767e+00
5.740099999999965341e+00
5.760099999999964915e+00
5.780099999999964488e+00
5.800099999999964062e+00
5.820099999999963636e+00
5.840099999999963210e+00
5.860099999999962783e+00
5.880099999999962357e+00
5.900099999999961931e+00
5.920099999999961504e+00
5.940099999999961078e+00
5.960099999999960652e+00
5.980099999999960225e+00
5.999900000000000233e+00
6.000000000000000000e+00
6.000099999999999767e+00
6.019899999999999807e+00
6.019999999999999574e+00
6.020099999999999341e+00
6.039899999999999380e+00
6.039999999999999147e+00
6.040099999999998914e+00
6.059899999999998954e+00
6.059999999999998721e+00
6.060099999999998488e+00
6.079899999999998528e+00
6.079999999999998295e+00
6.080099999999998062e+00
6.099899999999998101e+00
6.099999999999997868e+00
6.100099999999997635e+00
6.119899999999997675e+00
6.119999999999997442e+00
6.120099999999997209e+00
6.139899999999997249e+00
6.139999999999997016e+00
6.140099999999996783e+00
6.159899999999996822e+00
6.159999999999996589e+00
6.160099999999996356e+00
6.179899999999996396e+00
6.179999999999996163e+00
6.180099999999995930e+00
6.199899999999995970e+00
6.199999999999995737e+00
6.200099999999995504e+00
6.219899999999995543e+00
6.219999999999995310e+00
6.220099999999995077e+00
6.239899999999995117e+00
6.239999999999994884e+00
6.240099999999994651e+00
6.259899999999994691e+00
6.259999999999994458e+00
6.260099999999994225e+00
6.279899999999994264e+00
6.279999999999994031e+00
6.280099999999993798e+00
6.299899999999993838e+00
6.299999999999993605e+00
6.300099999999993372e+00
6.319899999999993412e+00
6.319999999999993179e+00
6.320099999999992946e+00
6.339899999999992986e+00
6.339999999999992752e+00
6.340099999999992519e+00
6.359899999999992559e+00
6.359999999999992326e+00
6.360099999999992093e+00
6.379899999999992133e+00
6.379999999999991900e+00
6.380099999999991667e+00
6.399899999999991707e+00
6.399999999999991473e+00
6.400099999999991240e+00
6.419899999999991280e+00
6.419999999999991047e+00
6.420099999999990814e+00
6.439899999999990854e+00
6.439999999999990621e+00
6.440099999999990388e+00
6.459899999999990428e+00
6.459999999999990195e+00
6.460099999999989961e+00
6.479899999999990001e+00
6.479999999999989768e+00
6.480099999999989535e+00
6.499899999999989575e+00
6.499999999999989342e+00
6.500099999999989109e+00
6.519899999999989149e+00
6.519999999999988916e+00
6.520099999999988682e+00
6.539899999999988722e+00
6.539999999999988489e+00
6.540099999999988256e+00
6.559899999999988296e+00
6.559999999999988063e+00
6.560099999999987830e+00
6.579899999999987870e+00
6.579999999999987637e+00
6.580099999999987403e+00
6.599899999999987443e+00
6.599999999999987210e+00
6.600099999999986977e+00
6.619899999999987017e+00
6.619999999999986784e+00
6.620099999999986551e+00
6.639899999999986591e+00
6.639999999999986358e+00
6.640099999999986125e+00
6.659899999999986164e+00
6.659999999999985931e+00
6.660099999999985698e+00
6.679899999999985738e+00
6.679999999999985505e+00
6.680099999999985272e+00
6.699899999999985312e+00
6.699999999999985079e+00
6.700099999999984846e+00
6.719899999999984885e+00
6.719999999999984652e+00
6.720099999999984419e+00
6.739899999999984459e+00
6.739999999999984226e+00
6.740099999999983993e+00
6.759899999999984033e+00
6.759999999999983800e+00
6.760099999999983567e+00
6.779899999999983606e+00
6.779999999999983373e+00
6.780099999999983140e+00
6.799899999999983180e+00
6.799999999999982947e+00
6.800099999999982714e+00
6.819899999999982754e+00
6.819999999999982521e+00
6.820099999999982288e+00
6.839899999999982327e+00
6.839999999999982094e+00
6.840099999999981861e+00
6.859899999999981901e+00
6.859999999999981668e+00
6.860099999999981435e+00
6.879899999999981475e+00
6.879999999999981242e+00
6.880099999999981009e+00
6.899899999999981048e+00
6.899999999999980815e+00
6.900099999999980582e+00
6.919899999999980622e+00
6.919999999999980389e+00
6.920099999999980156e+00
6.939899999999980196e+00
6.939999999999979963e+00
6.940099999999979730e+00
6.959899999999979769e+00
6.959999999999979536e+00
6.960099999999979303e+00
6.979899999999979343e+00
6.979999999999979110e+00
6.980099999999978877e+00
6.999899999999978917e+00
6.999999999999978684e+00
7.000099999999978451e+00
7.019899999999978490e+00
7.019999999999978257e+00
7.020099999999978024e+00
7.039899999999978064e+00
7.039999999999977831e+00
7.040099999999977598e+00
7.059899999999977638e+00
7.059999999999977405e+00
7.060099999999977172e+00
7.079899999999977211e+00
7.079999999999976978e+00
7.080099999999976745e+00
7.099899999999976785e+00
7.099999999999976552e+00
7.100099999999976319e+00
7.119899999999976359e+00
7.119999999999976126e+00
7.120099999999975893e+00
7.139899999999975932e+00
7.139999999999975699e+00
7.140099999999975466e+00
7.159899999999975506e+00
7.159999999999975273e+00
7.160099999999975040e+00
7.179899999999975080e+00
7.179999999999974847e+00
7.180099999999974614e+00
7.199899999999974654e+00
7.199999999999974420e+00
7.200099999999974187e+00
7.219899999999974227e+00
7.219999999999973994e+00
7.220099999999973761e+00
7.239899999999973801e+00
7.239999999999973568e+00
7.240099999999973335e+00
7.259899999999973375e+00
7.259999999999973141e+00
7.260099999999972908e+00
7.279899999999972948e+00
7.279999999999972715e+00
7.280099999999972482e+00
7.299899999999972522e+00
7.299999999999972289e+00
7.300099999999972056e+00
7.319899999999972096e+00
7.319999999999971863e+00
7.320099999999971629e+00
7.339899999999971669e+00
7.339999999999971436e+00
7.340099999999971203e+00
7.359899999999971243e+00
7.359999999999971010e+00
7.360099999999970777e+00
7.379899999999970817e+00
7.379999999999970584e+00
7.380099999999970350e+00
7.399899999999970390e+00
7.399999999999970157e+00
7.400099999999969924e+00
7.419899999999969964e+00
7.419999999999969731e+00
7.420099999999969498e+00
7.439899999999969538e+00
7.439999999999969305e+00
7.440099999999969071e+00
7.459899999999969111e+00
7.459999999999968878e+00
7.460099999999968645e+00
7.479899999999968685e+00
7.479999999999968452e+00
7.480099999999968219e+00
7.499899999999968259e+00
7.499999999999968026e+00
7.500099999999967793e+00
7.519899999999967832e+00
7.519999999999967599e+00
7.520099999999967366e+00
7.539899999999967406e+00
7.539999999999967173e+00
7.540099999999966940e+00
7.559899999999966980e+00
7.559999999999966747e+00
7.560099999999966514e+00
7.579899999999966553e+00
7.579999999999966320e+00
7.580099999999966087e+00
7.599899999999966127e+00
7.599999999999965894e+00
7.600099999999965661e+00
7.619899999999965701e+00
7.619999999999965468e+00
7.620099999999965235e+00
7.639899999999965274e+00
7.639999999999965041e+00
7.640099999999964808e+00
7.659899999999964848e+00
7.659999999999964615e+00
7.660099999999964382e+00
7.679899999999964422e+00
7.679999999999964189e+00
7.680099999999963956e+00
7.699899999999963995e+00
7.699999999999963762e+00
7.700099999999963529e+00
7.719899999999963569e+00
7.719999999999963336e+00
7.720099999999963103e+00
7.739899999999963143e+00
7.739999999999962910e+00
7.740099999999962677e+00
7.759899999999962716e+00
7.759999999999962483e+00
7.760099999999962250e+00
7.779899999999962290e+00
7.779999999999962057e+00
7.780099999999961824e+00
7.799899999999961864e+00
7.799999999999961631e+00
7.800099999999961398e+00
7.819899999999961437e+00
7.819999999999961204e+00
7.820099999999960971e+00
7.839899999999961011e+00
7.839999999999960778e+00
7.840099999999960545e+00
7.859899999999960585e+00
7.859999999999960352e+00
7.860099999999960119e+00
7.879899999999960158e+00
7.879999999999959925e+00
7.880099999999959692e+00
7.899899999999959732e+00
7.899999999999959499e+00
7.900099999999959266e+00
7.919899999999959306e+00
7.919999999999959073e+00
7.920099999999958840e+00
7.939899999999958879e+00
7.939999999999958646e+00
7.940099999999958413e+00
7.959899999999958453e+00
7.959999999999958220e+00
7.960099999999957987e+00
7.979899999999958027e+00
7.979999999999957794e+00
7.980099999999957561e+00
7.999899999999957600e+00
7.999999999999957367e+00
8.000099999999957134e+00
8.019899999999957174e+00
8.019999999999956941e+00
8.020099999999956708e+00
8.039899999999956748e+00
8.039999999999956515e+00
8.040099999999956282e+00
8.059899999999956322e+00
8.059999999999956088e+00
8.060099999999955855e+00
8.079899999999955895e+00
8.079999999999955662e+00
8.080099999999955429e+00
8.099899999999955469e+00
8.099999999999955236e+00
8.100099999999955003e+00
8.119899999999955043e+00
8.119999999999954809e+00
8.120099999999954576e+00
8.139899999999954616e+00
8.139999999999954383e+00
8.140099999999954150e+00
8.159899999999954190e+00
8.159999999999953957e+00
8.160099999999953724e+00
8.179899999999953764e+00
8.179999999999953531e+00
8.180099999999953297e+00
8.199899999999953337e+00
8.199999999999953104e+00
8.200099999999952871e+00
8.219899999999952911e+00
8.219999999999952678e+00
8.220099999999952445e+00
8.239899999999952485e+00
8.239999999999952252e+00
8.240099999999952018e+00
8.259899999999952058e+00
8.259999999999951825e+00
8.260099999999951592e+00
8.279899999999951632e+00
8.279999999999951399e+00
8.280099999999951166e+00
8.299899999999951206e+00
8.299999999999950973e+00
8.300099999999950739e+00
8.319899999999950779e+00
8.319999999999950546e+00
8.320099999999950313e+00
8.339899999999950353e+00
8.339999999999950120e+00
8.340099999999949887e+00
8.359899999999949927e+00
8.359999999999949694e+00
8.360099999999949461e+00
8.379899999999949500e+00
8.379999999999949267e+00
8.380099999999949034e+00
8.399899999999949074e+00
8.399999999999948841e+00
8.400099999999948608e+00
8.419899999999948648e+00
8.419999999999948415e+00
8.420099999999948182e+00
8.439899999999948221e+00
8.439999999999947988e+00
8.440099999999947755e+00
8.459899999999947795e+00
8.459999999999947562e+00
8.460099999999947329e+00
8.479899999999947369e+00
8.479999999999947136e+00
8.480099999999946903e+00
8.499899999999946942e+00
8.499999999999946709e+00
8.500099999999946476e+00
8.519899999999946516e+00
8.519999999999946283e+00
8.520099999999946050e+00
8.539899999999946090e+00
8.539999999999945857e+00
8.540099999999945624e+00
8.559899999999945663e+00
8.559999999999945430e+00
8.560099999999945197e+00
8.579899999999945237e+00
8.579999999999945004e+00
8.580099999999944771e+00
8.599899999999944811e+00
8.599999999999944578e+00
8.600099999999944345e+00
8.619899999999944384e+00
8.619999999999944151e+00
8.620099999999943918e+00
8.639899999999943958e+00
8.639999999999943725e+00
8.640099999999943492e+00
8.659899999999943532e+00
8.659999999999943299e+00
8.660099999999943066e+00
8.679899999999943105e+00
8.679999999999942872e+00
8.680099999999942639e+00
8.699899999999942679e+00
8.699999999999942446e+00
8.700099999999942213e+00
8.719899999999942253e+00
8.719999999999942020e+00
8.720099999999941787e+00
8.739899999999941826e+00
8.739999999999941593e+00
8.740099999999941360e+00
8.759899999999941400e+00
8.759999999999941167e+00
8.760099999999940934e+00
8.779899999999940974e+00
8.779999999999940741e+00
8.780099999999940508e+00
8.799899999999940547e+00
8.799999999999940314e+00
8.800099999999940081e+00
8.819899999999940121e+00
8.819999999999939888e+00
8.820099999999939655e+00
8.839899999999939695e+00
8.839999999999939462e+00
8.840099999999939229e+00
8.859899999999939268e+00
8.859999999999939035e+00
8.860099999999938802e+00
8.879899999999938842e+00
8.879999999999938609e+00
8.880099999999938376e+00
8.899899999999938416e+00
8.899999999999938183e+00
8.900099999999937950e+00
8.919899999999937990e+00
8.919999999999937756e+00
8.920099999999937523e+00
8.939899999999937563e+00
8.939999999999937330e+00
8.940099999999937097e+00
8.959899999999937137e+00
8.959999999999936904e+00
8.960099999999936671e+00
8.979899999999936711e+00
8.979999999999936477e+00
8.980099999999936244e+00
8.999899999999936284e+00
8.999999999999936051e+00
9.000099999999935818e+00
9.019899999999935858e+00
9.019999999999935625e+00
9.020099999999935392e+00
9.039899999999935432e+00
9.039999999999935199e+00
9.040099999999934965e+00
9.059899999999935005e+00
9.059999999999934772e+00
9.060099999999934539e+00
9.079899999999934579e+00
9.079999999999934346e+00
9.080099999999934113e+00
9.099899999999934153e+00
9.099999999999933920e+00
9.100099999999933686e+00
9.119899999999933726e+00
9.119999999999933493e+00
9.120099999999933260e+00
9.139899999999933300e+00
9.139999999999933067e+00
9.140099999999932834e+00
9.159899999999932874e+00
9.159999999999932641e+00
9.160099999999932407e+00
9.179899999999932447e+00
9.179999999999932214e+00
9.180099999999931981e+00
9.199899999999932021e+00
9.199999999999931788e+00
9.200099999999931555e+00
9.219899999999931595e+00
9.219999999999931362e+00
9.220099999999931129e+00
9.239899999999931168e+00
9.239999999999930935e+00
9.240099999999930702e+00
9.259899999999930742e+00
9.259999999999930509e+00
9.260099999999930276e+00
9.279899999999930316e+00
9.279999999999930083e+00
9.280099999999929850e+00
9.299899999999929889e+00
9.299999999999929656e+00
9.300099999999929423e+00
9.319899999999929463e+00
9.319999999999929230e+00
9.320099999999928997e+00
9.339899999999929037e+00
9.339999999999928804e+00
9.340099999999928571e+00
9.359899999999928610e+00
9.359999999999928377e+00
9.360099999999928144e+00
9.379899999999928184e+00
9.379999999999927951e+00
9.380099999999927718e+00
9.399899999999927758e+00
9.399999999999927525e+00
9.400099999999927292e+00
9.419899999999927331e+00
9.419999999999927098e+00
9.420099999999926865e+00
9.439899999999926905e+00
9.439999999999926672e+00
9.440099999999926439e+00
9.459899999999926479e+00
9.459999999999926246e+00
9.460099999999926013e+00
9.479899999999926052e+00
9.479999999999925819e+00
9.480099999999925586e+00
9.499899999999925626e+00
9.499999999999925393e+00
9.500099999999925160e+00
9.519899999999925200e+00
9.519999999999924967e+00
9.520099999999924734e+00
9.539899999999924773e+00
9.539999999999924540e+00
9.540099999999924307e+00
9.559899999999924347e+00
9.559999999999924114e+00
9.560099999999923881e+00
9.579899999999923921e+00
9.579999999999923688e+00
9.580099999999923455e+00
9.599899999999923494e+00
9.599999999999923261e+00
9.600099999999923028e+00
9.619899999999923068e+00
9.619999999999922835e+00
9.620099999999922602e+00
9.639899999999922642e+00
9.639999999999922409e+00
9.640099999999922176e+00
9.659899999999922215e+00
9.659999999999921982e+00
9.660099999999921749e+00
9.679899999999921789e+00
9.679999999999921556e+00
9.680099999999921323e+00
9.699899999999921363e+00
9.699999999999921130e+00
9.700099999999920897e+00
9.719899999999920936e+00
9.719999999999920703e+00
9.720099999999920470e+00
9.739899999999920510e+00
9.739999999999920277e+00
9.740099999999920044e+00
9.759899999999920084e+00
9.759999999999919851e+00
9.760099999999919618e+00
9.779899999999919658e+00
9.779999999999919424e+00
9.780099999999919191e+00
9.799899999999919231e+00
9.799999999999918998e+00
9.800099999999918765e+00
9.819899999999918805e+00
9.819999999999918572e+00
9.820099999999918339e+00
9.839899999999918379e+00
9.839999999999918145e+00
9.840099999999917912e+00
9.859899999999917952e+00
9.859999999999917719e+00
9.860099999999917486e+00
9.879899999999917526e+00
9.879999999999917293e+00
9.880099999999917060e+00
9.899899999999917100e+00
9.899999999999916866e+00
9.900099999999916633e+00
9.919899999999916673e+00
9.919999999999916440e+00
9.920099999999916207e+00
9.939899999999916247e+00
9.939999999999916014e+00
9.940099999999915781e+00
9.959899999999915821e+00
9.959999999999915588e+00
9.960099999999915354e+00
9.979899999999915394e+00
9.979999999999915161e+00
9.980099999999914928e+00
9.999899999999914968e+00
9.999999999999914735e+00
1.000009999999991450e+01
1.001989999999991454e+01
1.001999999999991431e+01
1.002009999999991408e+01
1.003989999999991412e+01
1.003999999999991388e+01
1.004009999999991365e+01
1.005989999999991369e+01
1.005999999999991346e+01
1.006009999999991322e+01
1.007989999999991326e+01
1.007999999999991303e+01
1.008009999999991280e+01
1.009989999999991284e+01
1.009999999999991260e+01
1.010009999999991237e+01
1.011989999999991241e+01
1.011999999999991218e+01
1.012009999999991194e+01
1.013989999999991198e+01
1.013999999999991175e+01
1.014009999999991152e+01
1.015989999999991156e+01
1.015999999999991132e+01
1.016009999999991109e+01
1.017989999999991113e+01
1.017999999999991090e+01
1.018009999999991066e+01
1.019989999999991070e+01
1.019999999999991047e+01
1.020009999999991024e+01
1.021989999999991028e+01
1.021999999999991005e+01
1.022009999999990981e+01
1.023989999999990985e+01
1.023999999999990962e+01
1.024009999999990939e+01
1.025989999999990943e+01
1.025999999999990919e+01
1.026009999999990896e+01
1.027989999999990900e+01
1.027999999999990877e+01
1.028009999999990853e+01
1.029989999999990857e+01
1.029999999999990834e+01
1.030009999999990811e+01
1.031989999999990815e+01
1.031999999999990791e+01
1.032009999999990768e+01
1.033989999999990772e+01
1.033999999999990749e+01
1.034009999999990725e+01
1.035989999999990729e+01
1.035999999999990706e+01
1.036009999999990683e+01
1.037989999999990687e+01
1.037999999999990663e+01
1.038009999999990640e+01
1.039989999999990644e+01
1.039999999999990621e+01
1.040009999999990598e+01
1.041989999999990602e+01
1.041999999999990578e+01
1.042009999999990555e+01
1.043989999999990559e+01
1.043999999999990536e+01
1.044009999999990512e+01
1.045989999999990516e+01
1.045999999999990493e+01
1.046009999999990470e+01
1.047989999999990474e+01
1.047999999999990450e+01
1.048009999999990427e+01
1.049989999999990431e+01
1.049999999999990408e+01
1.050009999999990384e+01
1.051989999999990388e+01
1.051999999999990365e+01
1.052009999999990342e+01
1.053989999999990346e+01
1.053999999999990322e+01
1.054009999999990299e+01
1.055989999999990303e+01
1.055999999999990280e+01
1.056009999999990256e+01
1.057989999999990260e+01
1.057999999999990237e+01
1.058009999999990214e+01
1.059989999999990218e+01
1.059999999999990195e+01
1.060009999999990171e+01
1.061989999999990175e+01
1.061999999999990152e+01
1.062009999999990129e+01
1.063989999999990133e+01
1.063999999999990109e+01
1.064009999999990086e+01
1.065989999999990090e+01
1.065999999999990067e+01
1.066009999999990043e+01
1.067989999999990047e+01
1.067999999999990024e+01
1.068009999999990001e+01
1.069989999999990005e+01
1.069999999999989981e+01
1.070009999999989958e+01
1.071989999999989962e+01
1.071999999999989939e+01
1.072009999999989915e+01
1.073989999999989919e+01
1.073999999999989896e+01
1.074009999999989873e+01
1.075989999999989877e+01
1.075999999999989853e+01
1.076009999999989830e+01
1.077989999999989834e+01
1.077999999999989811e+01
1.078009999999989788e+01
1.079989999999989791e+01
1.079999999999989768e+01
1.080009999999989745e+01
1.081989999999989749e+01
1.081999999999989726e+01
1.082009999999989702e+01
1.083989999999989706e+01
1.083999999999989683e+01
1.084009999999989660e+01
1.085989999999989664e+01
1.085999999999989640e+01
1.086009999999989617e+01
1.087989999999989621e+01
1.087999999999989598e+01
1.088009999999989574e+01
1.089989999999989578e+01
1.089999999999989555e+01
1.090009999999989532e+01
1.091989999999989536e+01
1.091999999999989512e+01
1.092009999999989489e+01
1.093989999999989493e+01
1.093999999999989470e+01
1.094009999999989446e+01
1.095989999999989450e+01
1.095999999999989427e+01
1.096009999999989404e+01
1.097989999999989408e+01
1.097999999999989384e+01
1.098009999999989361e+01
1.099989999999989365e+01
1.099999999999989342e+01
1.100009999999989319e+01
1.102009999999989276e+01
1.104009999999989233e+01
1.106009999999989191e+01
1.108009999999989148e+01
1.110009999999989105e+01
1.112009999999989063e+01
1.114009999999989020e+01
1.116009999999988977e+01
1.118009999999988935e+01
1.120009999999988892e+01
1.122009999999988850e+01
1.124009999999988807e+01
1.126009999999988764e+01
1.128009999999988722e+01
1.130009999999988679e+01
1.132009999999988636e+01
1.134009999999988594e+01
1.136009999999988551e+01
1.138009999999988509e+01
1.140009999999988466e+01
1.142009999999988423e+01
1.144009999999988381e+01
1.146009999999988338e+01
1.148009999999988295e+01
1.150009999999988253e+01
1.152009999999988210e+01
1.154009999999988167e+01
1.156009999999988125e+01
1.158009999999988082e+01
1.160009999999988040e+01
1.162009999999987997e+01
1.164009999999987954e+01
1.166009999999987912e+01
1.168009999999987869e+01
1.170009999999987826e+01
1.172009999999987784e+01
1.174009999999987741e+01
1.176009999999987699e+01
1.178009999999987656e+01
1.180009999999987613e+01
1.182009999999987571e+01
1.184009999999987528e+01
1.186009999999987485e+01
1.188009999999987443e+01
1.190009999999987400e+01
1.192009999999987357e+01
1.194009999999987315e+01
1.196009999999987272e+01
1.198009999999987230e+01
1.199990000000000023e+01
1.200000000000000000e+01
1.200009999999999977e+01
1.201989999999999981e+01
1.201999999999999957e+01
1.202009999999999934e+01
1.203989999999999938e+01
1.203999999999999915e+01
1.204009999999999891e+01
1.205989999999999895e+01
1.205999999999999872e+01
1.206009999999999849e+01
1.207989999999999853e+01
1.207999999999999829e+01
1.208009999999999806e+01
1.209989999999999810e+01
1.209999999999999787e+01
1.210009999999999764e+01
1.211989999999999768e+01
1.211999999999999744e+01
1.212009999999999721e+01
1.213989999999999725e+01
1.213999999999999702e+01
1.214009999999999678e+01
1.215989999999999682e+01
1.215999999999999659e+01
1.216009999999999636e+01
1.217989999999999640e+01
1.217999999999999616e+01
1.218009999999999593e+01
1.219989999999999597e+01
1.219999999999999574e+01
1.220009999999999550e+01
1.221989999999999554e+01
1.221999999999999531e+01
1.222009999999999508e+01
1.223989999999999512e+01
1.223999999999999488e+01
1.224009999999999465e+01
1.225989999999999469e+01
1.225999999999999446e+01
1.226009999999999422e+01
1.227989999999999426e+01
1.227999999999999403e+01
1.228009999999999380e+01
1.229989999999999384e+01
1.229999999999999361e+01
1.230009999999999337e+01
1.231989999999999341e+01
1.231999999999999318e+01
1.232009999999999295e+01
1.233989999999999299e+01
1.233999999999999275e+01
1.234009999999999252e+01
1.235989999999999256e+01
1.235999999999999233e+01
1.236009999999999209e+01
1.237989999999999213e+01
1.237999999999999190e+01
1.238009999999999167e+01
1.239989999999999171e+01
1.239999999999999147e+01
1.240009999999999124e+01
1.241989999999999128e+01
1.241999999999999105e+01
1.242009999999999081e+01
1.243989999999999085e+01
1.243999999999999062e+01
1.244009999999999039e+01
1.245989999999999043e+01
1.245999999999999019e+01
1.246009999999998996e+01
1.247989999999999000e+01
1.247999999999998977e+01
1.248009999999998954e+01
1.249989999999998957e+01
1.249999999999998934e+01
1.250009999999998911e+01
1.251989999999998915e+01
1.251999999999998892e+01
1.252009999999998868e+01
1.253989999999998872e+01
1.253999999999998849e+01
1.254009999999998826e+01
1.255989999999998830e+01
1.255999999999998806e+01
1.256009999999998783e+01
1.257989999999998787e+01
1.257999999999998764e+01
1.258009999999998740e+01
1.259989999999998744e+01
1.259999999999998721e+01
1.260009999999998698e+01
1.261989999999998702e+01
1.261999999999998678e+01
1.262009999999998655e+01
1.263989999999998659e+01
1.263999999999998636e+01
1.264009999999998612e+01
1.265989999999998616e+01
1.265999999999998593e+01
1.266009999999998570e+01
1.267989999999998574e+01
1.267999999999998550e+01
1.268009999999998527e+01
1.269989999999998531e+01
1.269999999999998508e+01
1.270009999999998485e+01
1.271989999999998489e+01
1.271999999999998465e+01
1.272009999999998442e+01
1.273989999999998446e+01
1.273999999999998423e+01
1.274009999999998399e+01
1.275989999999998403e+01
1.275999999999998380e+01
1.276009999999998357e+01
1.277989999999998361e+01
1.277999999999998337e+01
1.278009999999998314e+01
1.279989999999998318e+01
1.279999999999998295e+01
1.280009999999998271e+01
1.281989999999998275e+01
1.281999999999998252e+01
1.282009999999998229e+01
1.283989999999998233e+01
1.283999999999998209e+01
1.284009999999998186e+01
1.285989999999998190e+01
1.285999999999998167e+01
1.286009999999998143e+01
1.287989999999998147e+01
1.287999999999998124e+01
1.288009999999998101e+01
1.289989999999998105e+01
1.289999999999998082e+01
1.290009999999998058e+01
1.291989999999998062e+01
1.291999999999998039e+01
1.292009999999998016e+01
1.293989999999998020e+01
1.293999999999997996e+01
1.294009999999997973e+01
1.295989999999997977e+01
1.295999999999997954e+01
1.296009999999997930e+01
1.297989999999997934e+01
1.297999999999997911e+01
1.298009999999997888e+01
1.299989999999997892e+01
1.299999999999997868e+01
1.300009999999997845e+01
1.301989999999997849e+01
1.301999999999997826e+01
1.302009999999997802e+01
1.303989999999997806e+01
1.303999999999997783e+01
1.304009999999997760e+01
1.305989999999997764e+01
1.305999999999997740e+01
1.306009999999997717e+01
1.307989999999997721e+01
1.307999999999997698e+01
1.308009999999997675e+01
1.309989999999997679e+01
1.309999999999997655e+01
1.310009999999997632e+01
1.311989999999997636e+01
1.311999999999997613e+01
1.312009999999997589e+01
1.313989999999997593e+01
1.313999999999997570e+01
1.314009999999997547e+01
1.315989999999997551e+01
1.315999999999997527e+01
1.316009999999997504e+01
1.317989999999997508e+01
1.317999999999997485e+01
1.318009999999997461e+01
1.319989999999997465e+01
1.319999999999997442e+01
1.320009999999997419e+01
1.321989999999997423e+01
1.321999999999997399e+01
1.322009999999997376e+01
1.323989999999997380e+01
1.323999999999997357e+01
1.324009999999997333e+01
1.325989999999997337e+01
1.325999999999997314e+01
1.326009999999997291e+01
1.327989999999997295e+01
1.327999999999997272e+01
1.328009999999997248e+01
1.329989999999997252e+01
1.329999999999997229e+01
1.330009999999997206e+01
1.331989999999997210e+01
1.331999999999997186e+01
1.332009999999997163e+01
1.333989999999997167e+01
1.333999999999997144e+01
1.334009999999997120e+01
1.335989999999997124e+01
1.335999999999997101e+01
1.336009999999997078e+01
1.337989999999997082e+01
1.337999999999997058e+01
1.338009999999997035e+01
1.339989999999997039e+01
1.339999999999997016e+01
1.340009999999996992e+01
1.341989999999996996e+01
1.341999999999996973e+01
1.342009999999996950e+01
1.343989999999996954e+01
1.343999999999996930e+01
1.344009999999996907e+01
1.345989999999996911e+01
1.345999999999996888e+01
1.346009999999996865e+01
1.347989999999996868e+01
1.347999999999996845e+01
1.348009999999996822e+01
1.349989999999996826e+01
1.349999999999996803e+01
1.350009999999996779e+01
1.351989999999996783e+01
1.351999999999996760e+01
1.352009999999996737e+01
1.353989999999996741e+01
1.353999999999996717e+01
1.354009999999996694e+01
1.355989999999996698e+01
1.355999999999996675e+01
1.356009999999996651e+01
1.357989999999996655e+01
1.357999999999996632e+01
1.358009999999996609e+01
1.359989999999996613e+01
1.359999999999996589e+01
1.360009999999996566e+01
1.361989999999996570e+01
1.361999999999996547e+01
1.362009999999996523e+01
1.363989999999996527e+01
1.363999999999996504e+01
1.364009999999996481e+01
1.365989999999996485e+01
1.365999999999996461e+01
1.366009999999996438e+01
1.367989999999996442e+01
1.367999999999996419e+01
1.368009999999996396e+01
1.369989999999996400e+01
1.369999999999996376e+01
1.370009999999996353e+01
1.371989999999996357e+01
1.371999999999996334e+01
1.372009999999996310e+01
1.373989999999996314e+01
1.373999999999996291e+01
1.374009999999996268e+01
1.375989999999996272e+01
1.375999999999996248e+01
1.376009999999996225e+01
1.377989999999996229e+01
1.377999999999996206e+01
1.378009999999996182e+01
1.379989999999996186e+01
1.379999999999996163e+01
1.380009999999996140e+01
1.381989999999996144e+01
1.381999999999996120e+01
1.382009999999996097e+01
1.383989999999996101e+01
1.383999999999996078e+01
1.384009999999996054e+01
1.385989999999996058e+01
1.385999999999996035e+01
1.386009999999996012e+01
1.387989999999996016e+01
1.387999999999995993e+01
1.388009999999995969e+01
1.389989999999995973e+01
1.389999999999995950e+01
1.390009999999995927e+01
1.391989999999995931e+01
1.391999999999995907e+01
1.392009999999995884e+01
1.393989999999995888e+01
1.393999999999995865e+01
1.394009999999995841e+01
1.395989999999995845e+01
1.395999999999995822e+01
1.396009999999995799e+01
1.397989999999995803e+01
1.397999999999995779e+01
1.398009999999995756e+01
1.399989999999995760e+01
1.399999999999995737e+01
1.400009999999995713e+01
1.401989999999995717e+01
1.401999999999995694e+01
1.402009999999995671e+01
1.403989999999995675e+01
1.403999999999995651e+01
1.404009999999995628e+01
1.405989999999995632e+01
1.405999999999995609e+01
1.406009999999995586e+01
1.407989999999995590e+01
1.407999999999995566e+01
1.408009999999995543e+01
1.409989999999995547e+01
1.409999999999995524e+01
1.410009999999995500e+01
1.411989999999995504e+01
1.411999999999995481e+01
1.412009999999995458e+01
1.413989999999995462e+01
1.413999999999995438e+01
1.414009999999995415e+01
1.415989999999995419e+01
1.415999999999995396e+01
1.416009999999995372e+01
1.417989999999995376e+01
1.417999999999995353e+01
1.418009999999995330e+01
1.419989999999995334e+01
1.419999999999995310e+01
1.420009999999995287e+01
1.421989999999995291e+01
1.421999999999995268e+01
1.422009999999995244e+01
1.423989999999995248e+01
1.423999999999995225e+01
1.424009999999995202e+01
1.425989999999995206e+01
1.425999999999995183e+01
1.426009999999995159e+01
1.427989999999995163e+01
1.427999999999995140e+01
1.428009999999995117e+01
1.429989999999995121e+01
1.429999999999995097e+01
1.430009999999995074e+01
1.431989999999995078e+01
1.431999999999995055e+01
1.432009999999995031e+01
1.433989999999995035e+01
1.433999999999995012e+01
1.434009999999994989e+01
1.435989999999994993e+01
1.435999999999994969e+01
1.436009999999994946e+01
1.437989999999994950e+01
1.437999999999994927e+01
1.438009999999994903e+01
1.439989999999994907e+01
1.439999999999994884e+01
1.440009999999994861e+01
1.441989999999994865e+01
1.441999999999994841e+01
1.442009999999994818e+01
1.443989999999994822e+01
1.443999999999994799e+01
1.444009999999994776e+01
1.445989999999994780e+01
1.445999999999994756e+01
1.446009999999994733e+01
1.447989999999994737e+01
1.447999999999994714e+01
1.448009999999994690e+01
1.449989999999994694e+01
1.449999999999994671e+01
1.450009999999994648e+01
1.451989999999994652e+01
1.451999999999994628e+01
1.452009999999994605e+01
1.453989999999994609e+01
1.453999999999994586e+01
1.454009999999994562e+01
1.455989999999994566e+01
1.455999999999994543e+01
1.456009999999994520e+01
1.457989999999994524e+01
1.457999999999994500e+01
1.458009999999994477e+01
1.459989999999994481e+01
1.459999999999994458e+01
1.460009999999994434e+01
1.461989999999994438e+01
1.461999999999994415e+01
1.462009999999994392e+01
1.463989999999994396e+01
1.463999999999994373e+01
1.464009999999994349e+01
1.465989999999994353e+01
1.465999999999994330e+01
1.466009999999994307e+01
1.467989999999994311e+01
1.467999999999994287e+01
1.468009999999994264e+01
1.469989999999994268e+01
1.469999999999994245e+01
1.470009999999994221e+01
1.471989999999994225e+01
1.471999999999994202e+01
1.472009999999994179e+01
1.473989999999994183e+01
1.473999999999994159e+01
1.474009999999994136e+01
1.475989999999994140e+01
1.475999999999994117e+01
1.476009999999994093e+01
1.477989999999994097e+01
1.477999999999994074e+01
1.478009999999994051e+01
1.479989999999994055e+01
1.479999999999994031e+01
1.480009999999994008e+01
1.481989999999994012e+01
1.481999999999993989e+01
1.482009999999993966e+01
1.483989999999993969e+01
1.483999999999993946e+01
1.484009999999993923e+01
1.485989999999993927e+01
1.485999999999993904e+01
1.486009999999993880e+01
1.487989999999993884e+01
1.487999999999993861e+01
1.488009999999993838e+01
1.489989999999993842e+01
1.489999999999993818e+01
1.490009999999993795e+01
1.491989999999993799e+01
1.491999999999993776e+01
1.492009999999993752e+01
1.493989999999993756e+01
1.493999999999993733e+01
1.494009999999993710e+01
1.495989999999993714e+01
1.495999999999993690e+01
1.496009999999993667e+01
1.497989999999993671e+01
1.497999999999993648e+01
1.498009999999993624e+01
1.499989999999993628e+01
1.499999999999993605e+01
1.500009999999993582e+01
1.501989999999993586e+01
1.501999999999993562e+01
1.502009999999993539e+01
1.503989999999993543e+01
1.503999999999993520e+01
1.504009999999993497e+01
1.505989999999993501e+01
1.505999999999993477e+01
1.506009999999993454e+01
1.507989999999993458e+01
1.507999999999993435e+01
1.508009999999993411e+01
1.509989999999993415e+01
1.509999999999993392e+01
1.510009999999993369e+01
1.511989999999993373e+01
1.511999999999993349e+01
1.512009999999993326e+01
1.513989999999993330e+01
1.513999999999993307e+01
1.514009999999993283e+01
1.515989999999993287e+01
1.515999999999993264e+01
1.516009999999993241e+01
1.517989999999993245e+01
1.517999999999993221e+01
1.518009999999993198e+01
1.519989999999993202e+01
1.519999999999993179e+01
1.520009999999993155e+01
1.521989999999993159e+01
1.521999999999993136e+01
1.522009999999993113e+01
1.523989999999993117e+01
1.523999999999993094e+01
1.524009999999993070e+01
1.525989999999993074e+01
1.525999999999993051e+01
1.526009999999993028e+01
1.527989999999993032e+01
1.527999999999993008e+01
1.528009999999992985e+01
1.529989999999992989e+01
1.529999999999992966e+01
1.530009999999992942e+01
1.531989999999992946e+01
1.531999999999992923e+01
1.532009999999992900e+01
1.533989999999992904e+01
1.533999999999992880e+01
1.534009999999992857e+01
1.535989999999992861e+01
1.535999999999992838e+01
1.536009999999992814e+01
1.537989999999992818e+01
1.537999999999992795e+01
1.538009999999992772e+01
1.539989999999992776e+01
1.539999999999992752e+01
1.540009999999992729e+01
1.541989999999992733e+01
1.541999999999992710e+01
1.542009999999992687e+01
1.543989999999992691e+01
1.543999999999992667e+01
1.544009999999992644e+01
1.545989999999992648e+01
1.545999999999992625e+01
1.546009999999992601e+01
1.547989999999992605e+01
1.547999999999992582e+01
1.548009999999992559e+01
1.549989999999992563e+01
1.549999999999992539e+01
1.550009999999992516e+01
1.551989999999992520e+01
1.551999999999992497e+01
1.552009999999992473e+01
1.553989999999992477e+01
1.553999999999992454e+01
1.554009999999992431e+01
1.555989999999992435e+01
1.555999999999992411e+01
1.556009999999992388e+01
1.557989999999992392e+01
1.557999999999992369e+01
1.558009999999992345e+01
1.559989999999992349e+01
1.559999999999992326e+01
1.560009999999992303e+01
1.561989999999992307e+01
1.561999999999992284e+01
1.562009999999992260e+01
1.563989999999992264e+01
1.563999999999992241e+01
1.564009999999992218e+01
1.565989999999992222e+01
1.565999999999992198e+01
1.566009999999992175e+01
1.567989999999992179e+01
1.567999999999992156e+01
1.568009999999992132e+01
1.569989999999992136e+01
1.569999999999992113e+01
1.570009999999992090e+01
1.571989999999992094e+01
1.571999999999992070e+01
1.572009999999992047e+01
1.573989999999992051e+01
1.573999999999992028e+01
1.574009999999992004e+01
1.575989999999992008e+01
1.575999999999991985e+01
1.576009999999991962e+01
1.577989999999991966e+01
1.577999999999991942e+01
1.578009999999991919e+01
1.579989999999991923e+01
1.579999999999991900e+01
1.580009999999991877e+01
1.581989999999991880e+01
1.581999999999991857e+01
1.582009999999991834e+01
1.583989999999991838e+01
1.583999999999991815e+01
1.584009999999991791e+01
1.585989999999991795e+01
1.585999999999991772e+01
1.586009999999991749e+01
1.587989999999991753e+01
1.587999999999991729e+01
1.588009999999991706e+01
1.589989999999991710e+01
1.589999999999991687e+01
1.590009999999991663e+01
1.591989999999991667e+01
1.591999999999991644e+01
1.592009999999991621e+01
1.593989999999991625e+01
1.593999999999991601e+01
1.594009999999991578e+01
1.595989999999991582e+01
1.595999999999991559e+01
1.596009999999991535e+01
1.597989999999991539e+01
1.597999999999991516e+01
1.598009999999991493e+01
1.599989999999991497e+01
1.599999999999991473e+01
1.600009999999991450e+01
1.601989999999991454e+01
1.601999999999991431e+01
1.602009999999991408e+01
1.603989999999991412e+01
1.603999999999991388e+01
1.604009999999991365e+01
1.605989999999991369e+01
1.605999999999991346e+01
1.606009999999991322e+01
1.607989999999991326e+01
1.607999999999991303e+01
1.608009999999991280e+01
1.609989999999991284e+01
1.609999999999991260e+01
1.610009999999991237e+01
1.611989999999991241e+01
1.611999999999991218e+01
1.612009999999991194e+01
1.613989999999991198e+01
1.613999999999991175e+01
1.614009999999991152e+01
1.615989999999991156e+01
1.615999999999991132e+01
1.616009999999991109e+01
1.617989999999991113e+01
1.617999999999991090e+01
1.618009999999991066e+01
1.619989999999991070e+01
1.619999999999991047e+01
1.620009999999991024e+01
1.621989999999991028e+01
1.621999999999991005e+01
1.622009999999990981e+01
1.623989999999990985e+01
1.623999999999990962e+01
1.624009999999990939e+01
1.625989999999990943e+01
1.625999999999990919e+01
1.626009999999990896e+01
1.627989999999990900e+01
1.627999999999990877e+01
1.628009999999990853e+01
1.629989999999990857e+01
1.629999999999990834e+01
1.630009999999990811e+01
1.631989999999990815e+01
1.631999999999990791e+01
1.632009999999990768e+01
1.633989999999990772e+01
1.633999999999990749e+01
1.634009999999990725e+01
1.635989999999990729e+01
1.635999999999990706e+01
1.636009999999990683e+01
1.637989999999990687e+01
1.637999999999990663e+01
1.638009999999990640e+01
1.639989999999990644e+01
1.639999999999990621e+01
1.640009999999990598e+01
1.641989999999990602e+01
1.641999999999990578e+01
1.642009999999990555e+01
1.643989999999990559e+01
1.643999999999990536e+01
1.644009999999990512e+01
1.645989999999990516e+01
1.645999999999990493e+01
1.646009999999990470e+01
1.647989999999990474e+01
1.647999999999990450e+01
1.648009999999990427e+01
1.649989999999990431e+01
1.649999999999990408e+01
1.650009999999990384e+01
1.651989999999990388e+01
1.651999999999990365e+01
1.652009999999990342e+01
1.653989999999990346e+01
1.653999999999990322e+01
1.654009999999990299e+01
1.655989999999990303e+01
1.655999999999990280e+01
1.656009999999990256e+01
1.657989999999990260e+01
1.657999999999990237e+01
1.658009999999990214e+01
1.659989999999990218e+01
1.659999999999990195e+01
1.660009999999990171e+01
1.661989999999990175e+01
1.661999999999990152e+01
1.662009999999990129e+01
1.663989999999990133e+01
1.663999999999990109e+01
1.664009999999990086e+01
1.665989999999990090e+01
1.665999999999990067e+01
1.666009999999990043e+01
1.667989999999990047e+01
1.667999999999990024e+01
1.668009999999990001e+01
1.669989999999990005e+01
1.669999999999989981e+01
1.670009999999989958e+01
1.671989999999989962e+01
1.671999999999989939e+01
1.672009999999989915e+01
1.673989999999989919e+01
1.673999999999989896e+01
1.674009999999989873e+01
1.675989999999989877e+01
1.675999999999989853e+01
1.676009999999989830e+01
1.677989999999989834e+01
1.677999999999989811e+01
1.678009999999989788e+01
1.679989999999989791e+01
1.679999999999989768e+01
1.680009999999989745e+01
1.681989999999989749e+01
1.681999999999989726e+01
1.682009999999989702e+01
1.683989999999989706e+01
1.683999999999989683e+01
1.684009999999989660e+01
1.685989999999989664e+01
1.685999999999989640e+01
1.686009999999989617e+01
1.687989999999989621e+01
1.687999999999989598e+01
1.688009999999989574e+01
1.689989999999989578e+01
1.689999999999989555e+01
1.690009999999989532e+01
1.691989999999989536e+01
1.691999999999989512e+01
1.692009999999989489e+01
1.693989999999989493e+01
1.693999999999989470e+01
1.694009999999989446e+01
1.695989999999989450e+01
1.695999999999989427e+01
1.696009999999989404e+01
1.697989999999989408e+01
1.697999999999989384e+01
1.698009999999989361e+01
1.699989999999989365e+01
1.699999999999989342e+01
1.700009999999989319e+01
1.702009999999989276e+01
1.704009999999989233e+01
1.706009999999989191e+01
1.708009999999989148e+01
1.710009999999989105e+01
1.712009999999989063e+01
1.714009999999989020e+01
1.716009999999988977e+01
1.718009999999988935e+01
1.720009999999988892e+01
1.722009999999988850e+01
1.724009999999988807e+01
1.726009999999988764e+01
1.728009999999988722e+01
1.730009999999988679e+01
1.732009999999988636e+01
1.734009999999988594e+01
1.736009999999988551e+01
1.738009999999988509e+01
1.740009999999988466e+01
1.742009999999988423e+01
1.744009999999988381e+01
1.746009999999988338e+01
1.748009999999988295e+01
1.750009999999988253e+01
1.752009999999988210e+01
1.754009999999988167e+01
1.756009999999988125e+01
1.758009999999988082e+01
1.760009999999988040e+01
1.762009999999987997e+01
1.764009999999987954e+01
1.766009999999987912e+01
1.768009999999987869e+01
1.770009999999987826e+01
1.772009999999987784e+01
1.774009999999987741e+01
1.776009999999987699e+01
1.778009999999987656e+01
1.780009999999987613e+01
1.782009999999987571e+01
1.784009999999987528e+01
1.786009999999987485e+01
1.788009999999987443e+01
1.790009999999987400e+01
1.792009999999987357e+01
1.794009999999987315e+01
1.796009999999987272e+01
1.798009999999987230e+01
1.800009999999987187e+01
1.802009999999987144e+01
1.804009999999987102e+01
1.806009999999987059e+01
1.808009999999987016e+01
1.810009999999986974e+01
1.812009999999986931e+01
1.814009999999986888e+01
1.816009999999986846e+01
1.818009999999986803e+01
1.820009999999986761e+01
1.822009999999986718e+01
1.824009999999986675e+01
1.826009999999986633e+01
1.828009999999986590e+01
1.830009999999986547e+01
1.832009999999986505e+01
1.834009999999986462e+01
1.836009999999986420e+01
1.838009999999986377e+01
1.840009999999986334e+01
1.842009999999986292e+01
1.844009999999986249e+01
1.846009999999986206e+01
1.848009999999986164e+01
1.850009999999986121e+01
1.852009999999986078e+01
1.854009999999986036e+01
1.856009999999985993e+01
1.858009999999985951e+01
1.860009999999985908e+01
1.862009999999985865e+01
1.864009999999985823e+01
1.866009999999985780e+01
1.868009999999985737e+01
1.870009999999985695e+01
1.872009999999985652e+01
1.874009999999985610e+01
1.876009999999985567e+01
1.878009999999985524e+01
1.880009999999985482e+01
1.882009999999985439e+01
1.884009999999985396e+01
1.886009999999985354e+01
1.888009999999985311e+01
1.890009999999985268e+01
1.892009999999985226e+01
1.894009999999985183e+01
1.896009999999985141e+01
1.898009999999985098e+01
1.900009999999985055e+01
1.902009999999985013e+01
1.904009999999984970e+01
1.906009999999984927e+01
1.908009999999984885e+01
1.910009999999984842e+01
1.912009999999984800e+01
1.914009999999984757e+01
1.916009999999984714e+01
1.918009999999984672e+01
1.920009999999984629e+01
1.922009999999984586e+01
1.924009999999984544e+01
1.926009999999984501e+01
1.928009999999984458e+01
1.930009999999984416e+01
1.932009999999984373e+01
1.934009999999984331e+01
1.936009999999984288e+01
1.938009999999984245e+01
1.940009999999984203e+01
1.942009999999984160e+01
1.944009999999984117e+01
1.946009999999984075e+01
1.948009999999984032e+01
1.950009999999983989e+01
1.952009999999983947e+01
1.954009999999983904e+01
1.956009999999983862e+01
1.958009999999983819e+01
1.960009999999983776e+01
1.962009999999983734e+01
1.964009999999983691e+01
1.966009999999983648e+01
1.968009999999983606e+01
1.970009999999983563e+01
1.972009999999983521e+01
1.974009999999983478e+01
1.976009999999983435e+01
1.978009999999983393e+01
1.980009999999983350e+01
1.982009999999983307e+01
1.984009999999983265e+01
1.986009999999983222e+01
1.988009999999983179e+01
1.990009999999983137e+01
1.992009999999983094e+01
1.994009999999983052e+01
1.996009999999983009e+01
1.998009999999982966e+01
2.000000000000000000e+01
